,City,Cloudiness,Country,Date,Humidity,Lat,Lng,Max Temp,Wind Speed
0,Vaini,0,IN,1554150307,91,15.34,74.49,66.49,1.07
1,Tempio Pausania,0,IT,1554151145,93,40.9,9.1,50,2.24
2,Port Macquarie,40,AU,1554150904,100,-31.43,152.91,63,6.93
3,Blairmore,75,CA,1554150716,56,49.61,-114.44,42.8,6.93
4,Barao de Melgaco,75,BR,1554148800,66,-16.19,-55.97,87.8,17.22
5,Givors,0,FR,1554151156,44,45.58,4.77,60.8,2.24
6,Knysna,92,ZA,1554148800,71,-34.04,23.05,57.2,5.82
7,Sur,0,OM,1554150355,77,22.57,59.53,80.53,6.06
8,Amzya,0,RU,1554151158,88,56.24,54.39,26.8,2.59
9,Upernavik,56,GL,1554150613,100,72.79,-56.15,17.44,7
10,Mastic Beach,1,US,1554151153,28,40.77,-72.85,46.99,19.46
11,Leshukonskoye,44,RU,1554151158,71,64.9,45.76,27.88,7.74
12,Kruisfontein,48,ZA,1554150627,83,-34,24.73,57.76,8.57
13,Ushuaia,75,AR,1554148800,76,-54.81,-68.31,55.4,3.36
14,Dingle,24,PH,1554151148,91,11,122.67,74.32,11.03
15,Kodinsk,32,RU,1554151159,67,58.6,99.18,30.13,9.35
16,Mikhaylov,0,RU,1554150956,74,54.23,39.03,33.01,1.01
17,Airai,24,TL,1554150614,89,-8.93,125.41,66.94,1.25
18,Grand Gaube,20,MU,1554150542,88,-20.01,57.66,75,5.82
19,Ilulissat,20,GL,1554148200,48,69.22,-51.1,17.6,24.16
20,Tessalit,0,ML,1554151159,29,20.2,1.01,81.88,12.15
21,Puerto Ayora,20,EC,1554149804,66,-0.74,-90.35,87.8,10.29
22,Busselton,24,AU,1554150340,66,-33.64,115.35,62.01,8.01
23,Hermanus,12,ZA,1554149779,59,-34.42,19.24,57.99,5.99
24,Baruun-Urt,0,MN,1554151160,58,46.68,113.28,12.94,5.61
25,Mysliborz,0,PL,1554151152,52,52.92,14.87,44.01,13.44
27,Punta Arenas,90,CL,1554150161,93,-53.16,-70.91,53.6,6.93
28,Albany,20,US,1554150332,25,42.65,-73.75,43,19.46
29,Rikitea,0,PF,1554150593,100,-23.12,-134.97,76.48,15.39
30,Los Llanos de Aridane,90,ES,1554150061,87,28.66,-17.92,59,12.75
31,Saldanha,80,PT,1554150617,65,41.42,-6.55,53.08,4.27
32,Hilo,75,US,1554150495,61,19.71,-155.08,80.6,6.93
33,Carnarvon,0,ZA,1554150626,35,-30.97,22.13,48.94,12.37
34,Zyryanka,76,RU,1554151162,76,65.73,150.89,9.61,5.84
35,Oconomowoc,90,US,1554151159,45,43.11,-88.5,50,19.46
36,Kaitangata,92,NZ,1554150507,81,-46.28,169.85,46,3
37,Tuktoyaktuk,40,CA,1554148800,84,69.44,-133.03,6.8,9.17
38,Sao Joao da Barra,75,BR,1554148800,57,-21.64,-41.05,78.8,9.17
39,Bredasdorp,80,ZA,1554150613,95,-34.53,20.04,62.44,9.01
40,Bambous Virieux,20,MU,1554150542,88,-20.34,57.76,75,5.82
41,Chokurdakh,0,RU,1554150600,67,70.62,147.9,-0.66,4.32
42,Qaanaaq,8,GL,1554150591,86,77.48,-69.36,1.96,7.78
43,Vestmannaeyjar,32,IS,1554151163,97,63.44,-20.27,34.45,19.71
45,Palmer,0,AU,1554151144,87,-34.85,139.16,60.01,4.7
46,Ankazoabo,0,MG,1554151164,79,-22.29,44.51,61.9,2.59
47,Nanortalik,92,GL,1554150544,100,60.14,-45.24,27.61,23.4
48,Saint Simons,90,US,1554151139,87,31.14,-81.39,55.4,18.34
49,Ribeira Grande,40,PT,1554148800,71,38.52,-28.7,57.2,16.11
50,Jamestown,0,AU,1554150583,83,-33.21,138.6,42.1,4.61
51,Pimentel,64,BR,1554151165,78,-3.7,-45.5,81.34,3.71
52,Lata,0,IN,1554150712,60,30.78,78.62,41.29,2.82
53,Esperance,20,TT,1554150667,49,10.24,-61.45,89.6,16.11
55,Cabo San Lucas,5,MX,1554149816,36,22.89,-109.91,87.01,2.24
56,Ponta do Sol,76,BR,1554150625,58,-20.63,-46,77.47,1.07
57,Kyshtovka,0,RU,1554151165,88,56.56,76.62,30.04,17.4
58,Bam,36,IR,1554150592,22,29.11,58.36,69.91,9.8
59,Fernandez,92,PH,1554151166,87,11.38,122.76,78.19,11.14
60,Pochutla,5,MX,1554150665,66,15.74,-96.47,90,9.17
61,Mananjary,20,MG,1554151166,80,-19.16,46.8,65.41,1.7
62,Barrow,20,AR,1554150594,35,-38.31,-60.23,83.23,11.32
63,Castro,90,CL,1554148800,93,-42.48,-73.76,53.6,19.46
64,Santa Isabel,75,CO,1554148800,78,4.71,-75.1,80.6,5.82
65,Georgetown,20,GY,1554148800,55,6.8,-58.16,87.8,16.11
66,Port Hedland,0,AU,1554148800,88,-20.31,118.58,73.4,3.36
67,Kapaa,20,US,1554150204,69,22.08,-159.32,77,4.7
68,Saskylakh,0,RU,1554150358,59,71.97,114.09,7.81,5.88
69,Axim,0,GH,1554151168,96,4.87,-2.24,83.68,10.42
70,Anahuac,75,US,1554151159,58,29.77,-94.68,57.99,5.82
71,Taldan,0,RU,1554151169,64,53.69,124.82,16.45,6.33
72,Hamilton,75,BM,1554149702,77,32.3,-64.78,72,17.22
73,Ostrovnoy,88,RU,1554150423,85,68.05,39.51,21.13,14.27
74,Seoul,1,KR,1554149400,79,37.57,126.98,32,1.12
75,Katsuura,20,JP,1554148800,64,33.93,134.5,37.4,8.05
76,Tchollire,0,CM,1554151171,42,8.4,14.17,77.11,3.71
77,Victoria,75,BN,1554147000,88,5.28,115.24,77,1.12
78,Namibe,8,AO,1554150643,94,-15.19,12.15,80.98,14.94
79,Sandwick,92,GB,1554151007,81,54.57,-2.89,48.99,9.17
80,Varkaus,90,FI,1554150605,47,62.32,27.87,37.4,9.17
81,East London,32,ZA,1554150556,100,-33.02,27.91,66.31,24.34
82,Dikson,80,RU,1554150595,99,73.51,80.55,26.8,24.63
83,Luderitz,0,NA,1554150657,71,-26.65,15.16,61.63,20.38
84,Tautira,75,PF,1554150757,66,-17.73,-149.15,87.8,12.75
85,Banda Aceh,68,ID,1554151172,99,5.56,95.32,75.31,2.19
86,Bandar-e Lengeh,20,IR,1554151173,88,26.56,54.88,76.03,5.77
87,Yellowknife,40,CA,1554150293,57,62.45,-114.38,21.2,23.04
88,Saint-Augustin,0,FR,1554148800,67,44.83,-0.61,57.2,3.36
89,Huarmey,44,PE,1554151173,63,-10.07,-78.15,76.3,4.54
90,Mahebourg,20,MU,1554150542,88,-20.41,57.7,75,5.82
91,Buala,92,SB,1554151173,98,-8.15,159.59,80.26,5.88
92,Mataura,92,NZ,1554150007,85,-46.19,168.86,48.99,1.01
94,Souillac,0,FR,1554150505,67,45.6,-0.6,57.2,3.36
95,Butaritari,56,KI,1554150629,100,3.07,172.79,83.5,11.25
96,Manali,0,IN,1554151174,41,32.25,77.19,-11.46,1.97
97,Worland,90,US,1554150932,27,44.02,-107.96,53.6,11.41
98,Kyaukse,12,MM,1554151174,93,21.6,96.13,67.57,2.71
99,Placido de Castro,64,BR,1554151175,70,-10.34,-67.19,88.09,2.04
100,Torrijos,20,ES,1554151097,71,39.98,-4.28,59,4.7
101,Hobart,20,AU,1554150614,87,-42.88,147.33,45,11.41
102,Pacific Grove,1,US,1554150634,55,36.62,-121.92,73.99,8.05
103,Hede,20,SE,1554151089,44,60.45,15.49,37.4,9.17
104,Lebu,75,ET,1554148800,63,8.96,38.73,62.6,6.93
105,Cape Town,0,ZA,1554150492,62,-33.93,18.42,60.01,14.99
106,Rudnichnyy,0,RU,1554151176,74,59.7,60.29,28.51,7.23
107,Najran,0,SA,1554148800,30,17.54,44.22,84.2,6.93
108,Puerto Escondido,5,MX,1554147900,66,15.86,-97.07,86,9.17
109,Bluff,0,AU,1554150626,79,-23.58,149.07,62.62,9.64
110,Arraial do Cabo,0,BR,1554148800,65,-22.97,-42.02,78.8,6.93
111,Coro,12,VE,1554151176,61,11.41,-69.67,85.57,14.12
112,Bertoua,0,CM,1554151040,56,4.58,13.68,77.92,5.88
114,Saint Andrews,64,NZ,1554150783,68,-44.53,171.19,52,5.1
115,Bedford,0,GB,1554150984,70,52.14,-0.47,48.2,2.24
116,Aykhal,76,RU,1554151147,89,65.95,111.51,28.96,6.89
117,Garissa,88,KE,1554151178,56,-0.46,39.64,85.12,9.64
118,Kailua,1,US,1554151169,57,21.39,-157.74,80.01,8.05
119,Anapolis,0,LT,1554151178,76,55.81,25.77,27.61,4.72
120,Sisimiut,0,GL,1554150704,98,66.94,-53.67,16.54,2.98
121,Khatanga,80,RU,1554150410,92,71.98,102.47,28.69,11.88
122,Sioux Lookout,75,CA,1554148920,40,50.1,-91.92,33.8,6.93
123,Lamu,20,ID,1554151179,100,0.57,122.3,70.72,3.27
124,Todos Santos,5,MX,1554150940,28,23.45,-110.23,88,19.46
125,Zhangjiakou,0,CN,1554151179,59,40.77,114.88,20.95,4.76
126,Athens,1,US,1554150983,30,34.8,-86.97,60.01,4.54
127,Charters Towers,76,AU,1554150691,93,-20.07,146.27,66.22,8.12
129,Avarua,76,CK,1554148800,74,-21.21,-159.78,80.6,9.17
132,Chuy,20,UY,1554150627,80,-33.69,-53.46,73.33,8.23
133,Tongzi,92,CN,1554151180,97,28.78,105.09,57.85,5.28
134,Sitka,0,US,1554148023,48,37.17,-99.65,55,3
135,Mayo,5,CA,1554148800,42,63.59,-135.9,48.2,3.36
136,Umm Kaddadah,0,SD,1554151181,18,13.6,26.69,72.07,11.88
137,Craig,20,US,1554148560,42,40.52,-107.55,48.2,6.93
138,Dakar,0,SN,1554148800,83,14.69,-17.45,71.6,9.17
139,Santo Domingo,40,DO,1554150804,52,18.48,-69.94,89.6,3.87
141,Cabrobo,20,BR,1554151182,86,-8.51,-39.31,78.82,2.82
142,Saint-Philippe,1,CA,1554150551,47,45.36,-73.48,37.99,17.22
143,Bugiri,8,UG,1554151183,71,0.57,33.75,72.61,4.76
144,Rodrigues Alves,0,BR,1554148800,70,-7.74,-72.65,89.6,5.82
145,Swellendam,20,ZA,1554150928,84,-34.02,20.44,47.68,2.71
146,Leningradskiy,64,RU,1554150672,96,69.38,178.42,15.73,12.59
147,Hithadhoo,92,MV,1554150623,100,-0.6,73.08,83.23,6.85
148,New Norfolk,20,AU,1554150314,87,-42.78,147.06,45,11.41
149,Port Alfred,92,ZA,1554150574,84,-33.59,26.89,62.01,4
150,Bethel,90,US,1554148560,65,60.79,-161.76,42.8,5.82
151,Krasnogorsk,0,RU,1554149881,91,55.82,37.34,35.01,6.71
153,Salcedo,40,DO,1554150901,52,19.38,-70.42,89.01,11.41
154,Tiksi,8,RU,1554150696,69,71.64,128.87,4.48,2.53
155,Presevo,0,RS,1554148800,37,42.31,21.65,55.4,2.24
156,Miyako,64,JP,1554151052,86,33.63,130.94,41,9.17
157,Patitirion,0,GR,1554151185,94,39.15,23.87,58.39,3.98
158,Morogoro,40,TZ,1554148800,88,-6.82,37.67,75.2,2.98
159,Longyearbyen,20,NO,1554148200,60,78.22,15.63,10.4,11.41
160,San Cristobal,75,EC,1554150624,82,-0.39,-78.55,62.6,10.29
161,Srednekolymsk,48,RU,1554150665,82,67.46,153.71,9.79,3.38
162,Pevek,12,RU,1554150595,73,69.7,170.27,20.77,14.34
163,Kaeo,20,NZ,1554149285,96,-35.1,173.78,62.01,5.01
164,Bogovarovo,0,RU,1554151186,99,58.98,47.02,26.35,3.83
165,Atuona,76,PF,1554150614,100,-9.8,-139.03,80.35,10.36
166,Gizo,75,IL,1554150600,67,31.8,34.94,60.8,8.05
167,Sabang,64,PH,1554151187,88,13.72,123.58,76.57,9.53
168,Igrim,0,RU,1554151187,81,63.19,64.42,27.61,8.79
169,Khakhea,56,BW,1554151187,61,-24.69,23.5,70.36,6.55
171,Coahuayana,0,MX,1554151188,18,18.62,-100.35,87.73,3.09
172,Listvyanka,0,RU,1554150873,68,51.86,104.86,30.2,4.47
173,Humberto de Campos,92,BR,1554151188,100,-2.6,-43.46,77.2,4.54
174,Deputatskiy,24,RU,1554150661,49,69.3,139.9,-9.93,5.61
175,Samarai,92,PG,1554150562,100,-10.62,150.67,77.38,19.04
176,Wielun,0,PL,1554150692,53,51.22,18.57,36,14.12
178,The Valley,20,AI,1554150707,69,18.22,-63.06,84,11.41
179,Ternate,20,PH,1554151172,74,14.29,120.72,78.8,9.17
180,Talavera de la Reina,80,ES,1554151189,91,39.96,-4.83,47.95,2.53
183,Nikolskoye,0,RU,1554150336,80,59.7,30.79,35.01,8.95
184,Port Hardy,20,CA,1554145200,87,50.7,-127.42,44.6,3.36
185,Filadelfia,48,PY,1554151190,74,-22.35,-60.04,85.3,14.16
186,Homer,90,US,1554150952,75,59.64,-151.54,43,3.36
187,Granja,64,BR,1554151191,91,-3.12,-40.83,79.18,4.54
188,Impfondo,48,CD,1554151191,83,1.62,18.06,77.56,2.82
189,Kalmunai,12,LK,1554150728,97,7.42,81.82,75.58,3.76
191,Hobyo,0,SO,1554151151,91,5.35,48.53,78.46,8.34
192,Bermeo,75,ES,1554151180,72,43.42,-2.72,59,2.24
193,Mar del Plata,64,AR,1554150657,52,-46.43,-67.52,69.46,24.4
194,Faanui,68,PF,1554150594,100,-16.48,-151.75,82.78,6.33
195,Faya,0,SA,1554148800,82,18.39,42.45,64.4,9.17
196,Imeni Poliny Osipenko,20,RU,1554151192,72,52.42,136.49,17.53,6.78
197,Provideniya,24,RU,1554150613,100,64.42,-173.23,28.24,10.92
198,Cidreira,0,BR,1554150317,71,-30.17,-50.22,77.38,11.77
199,Decatur,1,US,1554151140,27,35.51,-84.79,57.99,6.93
200,Luwuk,32,ID,1554151193,100,-0.95,122.79,76.57,3.27
201,Panino,0,RU,1554148800,44,51.65,40.13,39.2,13.42
203,Geraldton,75,CA,1554148800,57,49.72,-86.95,32,16.11
204,Cuajinicuilapa,0,MX,1554151194,84,16.47,-98.41,84.31,13.38
205,Cascais,20,PT,1554151051,87,38.7,-9.42,60.01,8.05
206,San Patricio,88,PY,1554150681,74,-26.98,-56.83,81.97,2.26
207,Matara,40,PE,1554145200,54,-13.74,-72.9,59,2.48
208,Avera,1,US,1554150646,23,33.19,-82.53,64.4,12.75
209,Verkhnyaya Inta,88,RU,1554151195,78,65.99,60.32,27.43,8.52
210,Nome,90,US,1554150727,41,30.04,-94.42,59,10.29
212,Praia da Vitoria,40,PT,1554149746,67,38.73,-27.07,59,27.98
213,Paita,40,PE,1554148800,290,-5.09,-81.11,62.6,10.25
214,Springhill,68,CA,1554150625,55,45.64,-64.06,37,15.01
215,Hasaki,20,JP,1554150278,93,35.73,140.83,35.6,2.24
216,La Rioja,24,AR,1554151196,80,-29.41,-66.86,76.21,2.3
217,Kavaratti,0,IN,1554150616,100,10.57,72.64,83.41,9.01
218,Port Elizabeth,1,US,1554151135,26,39.31,-74.98,54,10.29
219,Togur,56,RU,1554151196,90,58.36,82.83,32.74,13.44
220,Sola,0,FI,1554150426,59,62.78,29.36,36,11.41
221,San Juan de los Lagos,5,MX,1554147600,8,21.25,-102.33,80.6,6.93
222,Lokosovo,92,RU,1554151197,95,61.13,74.84,34.18,15.28
223,Lagoa,20,PT,1554151030,77,37.14,-8.45,61,11.41
224,Kinston,1,US,1554150915,25,35.26,-77.58,54,5.82
225,Kahului,20,US,1554150623,65,20.89,-156.47,80.6,10.29
226,Talnakh,92,RU,1554150649,93,69.49,88.39,24.82,9.57
227,Torbay,75,CA,1554150604,72,47.66,-52.73,59,28.86
230,Bone,40,ID,1554148800,100,-5.29,119.42,75.2,4.7
232,Mitu,88,IR,1554150686,99,36.2,46.09,36.88,7.85
233,Portland,90,US,1554150516,48,45.52,-122.67,64.99,8.05
235,Brae,92,GB,1554148200,75,60.4,-1.35,42.8,23.04
236,Opuwo,8,NA,1554150645,82,-18.06,13.84,64.96,4.05
237,Oranjemund,0,ZA,1554151199,91,-28.55,16.43,59.83,31.27
238,Ixtapa,5,MX,1554150923,69,20.71,-105.21,79,13.87
239,Jiblah,8,YE,1554151199,90,13.92,44.15,52.36,1.07
241,Mersing,0,MY,1554151200,100,2.43,103.84,75.58,3.76
242,Ahuimanu,1,US,1554151169,57,21.44,-157.84,80.01,8.05
243,Ancud,90,CL,1554148800,93,-41.87,-73.83,53.6,19.46
244,Dunedin,0,NZ,1554149918,64,-45.87,170.5,50,17
245,Gao,56,ML,1554151201,26,16.28,-0.04,87.91,6.55
247,Flinders,0,AU,1554150607,93,-34.58,150.85,66.99,8.05
248,Kodiak,1,US,1554151127,7,39.95,-94.76,57.99,17.22
249,Severo-Kurilsk,88,RU,1554150633,100,50.68,156.12,28.33,6.51
251,Kabare,8,RW,1554151202,100,-1.65,29.38,55.15,1.86
252,Levelland,20,US,1554151057,26,33.59,-102.38,57.99,14.99
253,Alugan,92,PH,1554151202,100,12.22,125.48,75.58,8.86
254,Tezu,92,IN,1554151202,100,27.93,96.16,52.36,1.48
255,Yahotyn,0,UA,1554148800,47,50.28,31.76,37.4,13.42
256,Acapulco,5,MX,1554147960,55,16.86,-99.88,86,8.05
257,Sandakan,75,MY,1554148800,94,5.84,118.12,75.2,2.24
258,Fortuna,75,ES,1554150635,82,38.18,-1.13,60.01,4.7
259,Karaton,20,ID,1554150763,83,-6.34,106.1,78.8,8.05
260,Husavik,32,CA,1554150625,53,50.56,-96.99,45,7
261,Arlit,0,NE,1554150715,30,18.74,7.39,77.83,2.86
262,De Aar,0,ZA,1554151204,28,-30.65,24.01,51.46,9.42
263,Aksu,0,KZ,1554148800,80,52.04,76.93,39.2,4.47
264,Angoram,92,PG,1554151204,92,-4.06,144.07,75.58,1.59
266,Pangnirtung,5,CA,1554148800,71,66.15,-65.72,6.8,3.36
267,Tanout,8,NE,1554151205,17,14.97,8.88,83.59,11.03
268,Coquimbo,75,CL,1554148800,77,-29.95,-71.34,62.6,2.24
269,Mount Gambier,44,AU,1554148800,93,-37.83,140.78,42.8,8.05
270,Antalaha,92,MG,1554151205,89,-14.9,50.28,80.35,3.83
271,Constantine,75,DZ,1554148800,81,36.36,6.61,53.6,2.24
272,Bonthe,32,SL,1554150731,79,7.53,-12.5,83.95,4.83
273,Anadyr,40,RU,1554150162,86,64.73,177.51,30.2,29.08
274,Yulara,0,AU,1554145200,33,-25.24,130.99,57.2,5.82
275,Merauke,92,ID,1554151189,100,-8.49,140.4,75.67,10.13
276,Ipixuna,92,BR,1554151206,93,-1.76,-48.8,78.46,2.75
277,Norman Wells,75,CA,1554148800,79,65.28,-126.83,28.4,12.75
278,San Juan,40,PR,1554150959,66,18.47,-66.12,86,10.29
279,Lusambo,48,CD,1554151208,93,-4.97,23.44,75.31,2.08
280,Balkanabat,20,TM,1554151209,95,39.51,54.36,49.48,8.23
281,Yamada,20,JP,1554150636,100,36.58,137.08,37,6.93
282,Saint George,0,GR,1554148200,62,39.45,22.34,51.8,6.93
283,Zhigansk,80,RU,1554150698,85,66.77,123.37,23.65,6.11
284,Glasgow,80,GB,1554151206,93,55.86,-4.24,45,2.24
285,Adrar,0,DZ,1554148800,22,27.87,-0.29,75.2,8.05
286,Bathsheba,40,BB,1554148800,65,13.22,-59.52,82.4,18.34
287,Wonthaggi,0,AU,1554151209,88,-38.6,145.59,48.99,1.01
288,Carutapera,92,BR,1554151210,99,-1.2,-46.02,77.11,4.61
289,Hun,0,BE,1554151181,61,50.34,4.87,55,3.36
290,Lavrentiya,44,RU,1554150638,100,65.58,-170.99,26.26,1.97
292,Puerto Suarez,75,BO,1554148800,83,-18.96,-57.8,82.4,11.41
294,Monrovia,40,LR,1554148800,88,6.33,-10.8,78.8,5.82
295,Clyde River,90,CA,1554148800,84,70.47,-68.59,-0.41,9.17
296,Maningrida,92,AU,1554151211,97,-12.05,134.23,76.48,10.54
297,Kenora,75,CA,1554150738,59,49.76,-94.48,37.4,14.99
298,Waingapu,8,ID,1554151212,98,-9.65,120.26,69.01,2.98
299,Nishihara,20,JP,1554151189,93,35.74,139.53,41,3.36
300,Shahr-e Babak,80,IR,1554150467,45,30.12,55.12,55.6,15.68
301,Nemuro,68,JP,1554151212,100,43.32,145.57,30.76,8.79
302,Oksfjord,75,NO,1554150631,100,70.24,22.35,32,20.8
303,Tasiilaq,0,GL,1554148200,68,65.61,-37.64,24.8,9.17
304,Bilma,20,NE,1554151213,26,18.69,12.92,71.71,6.55
305,Chumikan,0,RU,1554150687,64,54.72,135.31,15.1,7.29
306,Bendigo,0,AU,1554150848,45,-36.76,144.28,46.99,2.86
307,Tawau,75,MY,1554148800,88,4.26,117.89,75.2,2.24
308,Iqaluit,20,CA,1554150136,65,63.75,-68.52,6.8,4.7
309,Champasak,80,LA,1554151214,99,14.89,105.88,71.26,3.2
310,Caravelas,12,BR,1554150653,100,-17.73,-39.27,80.98,12.15
312,Hofn,90,IS,1554145200,100,64.25,-15.21,33.8,10.29
313,Ocean City,1,US,1554151108,51,30.44,-86.61,71.01,5.82
314,Hovd,20,NO,1554150615,88,63.83,10.7,37.99,8.05
315,Skelleftea,0,SE,1554150721,69,64.75,20.95,41,10.29
316,Klaksvik,68,FO,1554148200,93,62.23,-6.59,35.6,4.7
317,Thompson,75,CA,1554148380,55,55.74,-97.86,33.8,13.87
319,Yumen,80,CN,1554150644,47,40.29,97.04,41.38,9.13
320,Dhule,0,IN,1554151215,41,20.9,74.77,74.68,6.62
322,Oistins,40,BB,1554148800,65,13.07,-59.53,82.4,18.34
323,Tazovskiy,76,RU,1554151216,84,67.47,78.7,17.98,11.54
324,Oeiras,76,BR,1554151216,94,-7.01,-42.13,75.58,2.82
325,Watertown,90,US,1554150900,64,44.9,-97.12,39.2,6.93
326,Bhag,0,PK,1554151217,36,29.04,67.82,70.99,2.3
327,Edd,8,ER,1554151217,83,13.93,41.69,72.25,2.75
328,Carambei,24,BR,1554151217,66,-24.92,-50.1,73.15,3.87
332,Constitucion,5,MX,1554150616,10,23.99,-104.67,78.01,6.93
333,Oktyabrskiy,75,RU,1554149881,80,55.61,37.97,35.01,11.18
334,Caohai,0,CN,1554151218,55,26.87,104.28,54.97,8.41
335,Hirara,0,JP,1554151218,100,24.8,125.28,67.75,19.82
337,Miri,12,NG,1554151219,33,10.31,9.75,73.96,5.73
338,Tual,56,ID,1554150645,100,-5.67,132.75,80.35,11.77
340,Kavieng,76,PG,1554150661,100,-2.57,150.8,83.68,10.58
342,Codrington,40,AU,1554150540,93,-28.95,153.24,62.6,4.32
343,Okhotsk,8,RU,1554151220,86,59.36,143.24,18.88,7.56
344,Santa Barbara,1,US,1554151147,31,34.42,-119.7,79,5.39
345,Sheridan,75,US,1554150947,20,39.65,-105.03,62.01,20.8
346,Asmara,56,ER,1554151221,89,15.34,38.93,57.49,2.19
347,Betong,44,MY,1554151221,96,5.77,101.07,71.62,2.37
348,Shakhunya,0,RU,1554151221,75,57.68,46.61,23.29,3.71
349,Praya,20,ID,1554145200,100,-8.71,116.27,75.2,3.2
350,Noblesville,1,US,1554151205,60,40.05,-86.01,46.99,8.05
351,Kitimat,5,CA,1554148800,35,54.02,-128.69,55.4,12.75
352,Abay,75,KZ,1554148800,93,49.63,72.87,37.4,4.47
353,Tsarychanka,0,UA,1554151222,48,48.94,34.49,40.93,16.62
355,Katangli,92,RU,1554151223,91,51.71,143.23,25.09,14.16
356,Nioro,0,GM,1554150664,40,13.79,-15.05,87.19,5.21
358,Tura,0,IN,1554150672,94,25.52,90.21,62.89,4.76
359,Paamiut,92,GL,1554151223,100,61.99,-49.67,29.95,24.23
360,Monterey,1,US,1554151087,55,36.6,-121.89,73.99,8.05
361,Steamboat Springs,75,US,1554150485,63,40.48,-106.83,46.4,12.75
362,Ouegoa,56,NC,1554151224,93,-20.34,164.44,76.84,5.77
363,Ponta Delgada,40,PT,1554151215,67,37.73,-25.67,57.2,21.92
364,Bonnyville,90,CA,1554150000,65,54.27,-110.74,41,17.22
365,Fairbanks,1,US,1554150933,64,64.84,-147.72,42.01,4.7
366,Isangel,80,VU,1554150679,100,-19.55,169.27,79.9,12.77
367,Brownsville,90,US,1554151171,100,25.91,-97.49,53.6,10.29
368,Guilin,90,CN,1554148800,100,25.28,110.29,55.4,2.59
369,Cap-aux-Meules,75,CA,1554148800,74,47.38,-61.86,30.2,26.4
370,Maloy,24,ID,1554151225,88,1,118.1,75.22,1.74
371,Petropavlovsk-Kamchatskiy,40,RU,1554148800,86,53.05,158.65,28.4,4.47
372,Plougastel-Daoulas,0,FR,1554150724,93,48.37,-4.37,51.01,3.36
373,Cap Malheureux,20,MU,1554150542,88,-19.98,57.61,75,5.82
374,Willowmore,24,ZA,1554151226,83,-33.3,23.49,41.29,2.19
375,Mnogovershinnyy,12,RU,1554151226,67,53.94,139.92,7.09,2.26
376,Aklavik,75,CA,1554148800,68,68.22,-135.01,24.8,6.93
377,Sault Sainte Marie,90,CA,1554148800,47,46.49,-84.36,37.4,14.99
378,Vostok,12,RU,1554150649,62,46.45,135.83,2.59,1.86
379,Fare,64,PF,1554151227,99,-16.7,-151.02,83.95,5.61
380,Buraydah,40,SA,1554148800,31,26.33,43.97,64.4,9.17
381,Shimoda,88,JP,1554150312,88,34.7,138.93,39,16.28
382,Umm Lajj,0,SA,1554151162,100,25.02,37.27,57.13,5.1
383,Berlevag,75,NO,1554148200,92,70.86,29.09,30.2,19.46
384,San Quintin,0,PH,1554150720,82,17.54,120.52,67.57,3.6
385,Port Lincoln,0,AU,1554150725,100,-34.72,135.86,59.65,12.77
386,Sao Felix do Xingu,68,BR,1554151228,81,-6.64,-51.99,82.96,1.97
387,Skibbereen,75,IE,1554148800,75,51.55,-9.27,46.4,6.93
388,Sidi Ali,0,DZ,1554151229,99,36.1,0.42,52.36,1.97
389,Burnie,0,AU,1554150648,81,-41.05,145.91,50,4.72
391,Haines Junction,0,CA,1554151229,40,60.75,-137.51,45.61,2.82
392,Lorengau,88,PG,1554151157,97,-2.02,147.27,83.23,10.87
393,Atherton,92,GB,1554151216,66,53.52,-2.49,51.01,3.36
394,Raver,0,IN,1554151230,47,21.25,76.04,72.16,6.06
395,Pulivendla,0,IN,1554151230,83,14.42,78.23,69.91,4.5
396,Mujiayingzi,8,CN,1554151230,53,42.12,118.78,19.51,2.71
397,Ambilobe,8,MG,1554150631,98,-13.19,49.05,70.99,2.71
398,Beringovskiy,92,RU,1554150668,100,63.05,179.32,31.12,8.9
399,Quatre Cocos,20,MU,1554151141,88,-20.21,57.76,75.99,5.82
401,Nenjiang,0,CN,1554151231,67,49.17,125.23,13.75,7.9
402,Sadovo,0,BG,1554148800,50,42.13,24.94,51.8,3.36
404,Kungurtug,0,RU,1554151232,66,50.6,97.53,9.43,2.48
405,San Carlos de Bariloche,75,AR,1554148800,18,-41.13,-71.31,69.8,24.16
406,Pocone,36,BR,1554151232,75,-16.26,-56.62,84.85,1.19
407,Lompoc,75,US,1554150395,50,34.64,-120.46,79,10.29
408,Baykit,88,RU,1554151149,82,61.68,96.39,27.25,9.01
409,Barcelos,0,PT,1554151025,82,41.53,-8.62,57,1.36
410,Takoradi,0,GH,1554151233,97,4.89,-1.75,82.96,8.63
411,Buin,0,CL,1554148800,31,-33.73,-70.74,80.6,4.7
412,Meadow Lake,90,CA,1554148800,60,54.13,-108.44,41,25.28
413,Sibolga,64,ID,1554150587,100,1.74,98.78,68.11,1.97
414,Grand-Lahou,8,CI,1554151234,80,5.24,-5,81.79,7.52
415,Chegdomyn,0,RU,1554151234,64,51.13,133.04,4.48,2.3
416,Vanimo,80,PG,1554150510,97,-2.67,141.3,83.86,16.35
417,Quelimane,0,MZ,1554151234,84,-17.88,36.89,70.09,5.32
418,Dauriya,0,RU,1554150703,60,49.93,116.85,5.92,3.04
419,Cayenne,75,GF,1554148800,66,4.94,-52.33,84.2,12.75
420,Gazojak,24,TM,1554151235,70,41.19,61.4,47.14,13.6
421,Ahipara,48,NZ,1554150639,96,-35.17,173.16,65.68,12.82
422,Ola,88,RU,1554151235,88,59.58,151.3,29.05,15.79
423,Prince Rupert,1,CA,1554148800,47,54.32,-130.32,57.2,3.36
424,Gallup,1,US,1554148380,15,35.53,-108.74,55.4,5.82
425,Port Hueneme,1,US,1554151234,27,34.15,-119.2,84,11.41
426,Gari,0,RU,1554151236,82,59.43,62.35,31.84,9.53
428,Surt,0,LY,1554151147,82,31.21,16.59,62.17,7.78
429,Shenjiamen,20,CN,1554151152,89,29.96,122.3,52.63,13.11
430,Half Moon Bay,1,US,1554151029,87,37.46,-122.43,66.99,9.17
431,Lerwick,88,GB,1554150000,81,60.15,-1.15,42.8,26.4
432,Krasnik,0,PL,1554150671,55,50.92,22.23,42.01,4.7
433,Guerrero Negro,12,MX,1554151237,31,27.97,-114.04,81.07,7.4
434,Ariogala,0,LT,1554148200,58,55.26,23.48,30.2,4.83
435,Haimen,80,CN,1554151238,67,31.87,121.18,52,10.87
436,Kitami,76,JP,1554151238,79,43.8,143.9,19.33,2.26
437,Wenling,24,CN,1554151036,88,28.38,121.38,44.01,1.01
438,Srandakan,92,ID,1554151238,100,-7.94,110.25,72.16,2.82
440,Digby,76,CA,1554150766,57,44.62,-65.76,39.99,24
443,Bonavista,80,CA,1554150604,84,48.65,-53.11,54,4
444,Stettler,80,CA,1554150706,62,52.32,-112.71,45,8.01
446,Springbok,12,ZA,1554151240,40,-29.67,17.88,53.89,9.08
447,Porto Novo,40,BR,1554148800,65,-23.68,-45.44,77,16.11
448,Talara,40,PE,1554148800,290,-4.58,-81.27,62.6,10.25
449,Santa Cruz de la Palma,90,ES,1554150960,87,28.68,-17.76,59,12.75
450,Kisangani,68,CD,1554151241,89,0.52,25.21,77.92,2.53
451,Gambela,8,ET,1554151241,65,8.25,34.59,66.58,3.04
452,Kabo,12,CF,1554151241,52,7.69,18.62,84.85,8.01
453,Bourail,0,NC,1554151241,84,-21.57,165.5,74.77,2.53
454,Maumere,36,ID,1554151242,100,-8.63,122.22,80.35,3.53
455,Cheney,1,US,1554151020,58,47.49,-117.58,62.01,9.17
456,Mexico,1,US,1554151143,22,44.56,-70.55,36,25.28
457,Mailani,0,IN,1554151242,78,28.29,80.34,62.71,2.82
458,Pokhara,64,NP,1554151242,90,28.21,83.99,47.05,2.19
459,Port Hawkesbury,90,CA,1554150963,78,45.62,-61.36,36,14.99
460,Rawson,76,AR,1554150644,28,-43.3,-65.11,82.69,6.33
462,Camacupa,0,AO,1554151243,62,-12.02,17.48,62.44,2.86
463,Calvinia,0,ZA,1554151243,56,-31.47,19.78,44.26,4.32
464,Pathein,0,MM,1554151143,93,16.78,94.73,74.05,7.56
465,Heihe,0,RU,1554148800,61,50.24,127.51,15.8,9.57
466,Westport,20,IE,1554151092,90,53.8,-9.52,41,11.77
467,Teacapan,0,MX,1554151244,43,22.54,-105.74,83.86,3.98
468,Cavalcante,76,BR,1554151244,46,-13.79,-47.46,82.78,3.04
469,Laguna,75,MX,1554147720,19,27.52,-110.01,87.8,5.5
470,Abu Dhabi,36,AE,1554148800,16,24.47,54.37,91.4,5.82
471,Meulaboh,92,ID,1554151245,100,4.14,96.13,77.38,4.32
472,Boende,48,CD,1554150690,87,-0.28,20.88,79,3.38
473,Gerash,0,IR,1554148800,52,27.67,54.14,69.8,4.7
474,Capreol,75,CA,1554151112,40,46.71,-80.92,35.01,20.8
475,Nuevo Progreso,90,US,1554151244,81,26.05,-97.95,55.99,11.41
476,Conceicao do Araguaia,48,BR,1554150957,88,-8.26,-49.26,84.76,3.83
478,Makakilo City,1,US,1554151169,57,21.35,-158.09,80.01,11.41
480,Bethanien,32,NA,1554151247,34,-26.5,17.16,66.76,7.07
481,Pinos,5,MX,1554147900,21,22.3,-101.57,80.6,4.7
482,Cherskiy,80,RU,1554151247,72,68.75,161.3,22.03,6.4
483,Ulladulla,0,AU,1554150645,93,-35.36,150.48,55.4,5.82
484,Malibu,1,US,1554151059,21,33.61,-84.48,64,4.7
485,Uvalde,1,US,1554151207,36,29.21,-99.79,64.4,4.09
487,Padang,64,ID,1554150685,100,-0.92,100.36,82.69,4.88
488,Tateyama,80,JP,1554151213,99,36.66,137.31,43,2.59
490,Cooma,90,AU,1554150600,100,-36.24,149.13,42.8,5.82
491,Honiara,44,SB,1554151249,91,-9.43,159.96,78.19,2.71
492,Kamenka,36,RU,1554151249,90,53.19,44.05,34.36,5.21
493,Urusha,0,RU,1554151249,70,54.05,122.9,12.13,3.87
494,Muzaffarpur,20,IN,1554145200,78,26.12,85.39,73.4,5.82
495,College,1,US,1554150700,64,64.86,-147.8,44.6,4.7
496,Florianopolis,20,BR,1554150608,65,-27.6,-48.55,80.6,6.93
497,Virginia Beach,1,US,1554151208,24,36.85,-75.98,51.8,5.82
498,Coihaique,90,CL,1554148800,87,-45.58,-72.07,53.6,26.4
499,Salalah,40,OM,1554148200,74,17.01,54.1,80.6,6.93
501,Kem,0,UG,1554151250,45,2.68,33.77,77.74,12.15
502,San Policarpo,92,PH,1554151251,100,12.18,125.51,75.58,8.86
503,Altea,75,ES,1554151144,82,38.6,-0.05,59,4.7
505,Myskhako,0,RU,1554148800,87,44.66,37.76,42.8,8.95
506,Cochrane,75,CL,1554148800,87,-47.25,-72.57,57.2,2.24
507,Wenchi,24,GH,1554151251,91,7.74,-2.1,78.73,8.52
508,Kendari,20,ID,1554151252,94,-3.99,122.52,71.62,2.37
510,Camacari,75,BR,1554148800,79,-12.7,-38.32,84.2,9.17
511,Picos,88,BR,1554151252,94,-7.08,-41.47,75.76,2.82
512,Yaring,20,TH,1554151253,96,6.87,101.37,74.32,2.59
513,Taoudenni,0,ML,1554151253,33,22.68,-3.98,66.94,4.09
514,Boyuibe,90,BO,1554148800,69,-20.43,-63.28,80.6,4.7
515,Miramar,75,CR,1554150687,35,10.09,-84.73,86,10.29
516,Tadine,36,NC,1554150642,98,-21.55,167.88,78.19,12.93
517,Hit,44,IQ,1554151254,83,33.64,42.83,46.69,2.75
518,Petropavl,0,KZ,1554151254,90,54.87,69.13,37.51,18.59
519,Weiser,75,US,1554151157,68,44.25,-116.97,59,3.36
520,Ustye,0,RU,1554151254,71,58.76,27.79,27.61,10.09
521,Luanda,20,AO,1554148800,79,-8.83,13.24,84.2,9.17
522,Shache,0,CN,1554151176,27,38.42,77.24,50,3.2
523,Boa Vista,40,BR,1554148800,30,2.82,-60.67,98.6,10.29
524,Krasnovishersk,0,RU,1554151256,82,60.4,57.08,22.12,8.75
525,Pingyin,0,CN,1554151256,55,36.28,116.45,41.38,10.87
526,Sohag,0,EG,1554148800,25,26.55,31.7,60.8,5.82
527,Loandjili,20,CG,1554148800,94,-4.77,11.87,82.4,5.82
528,Vao,0,EE,1554150649,82,59.1,26.19,27.79,9.08
529,Horsham,8,AU,1554151139,78,-36.71,142.2,43.27,3.31
530,Sagauli,12,IN,1554151257,75,26.78,84.73,67.3,4.54
531,Moss Point,1,US,1554151247,34,30.41,-88.53,70,4.7
532,Bestobe,0,KZ,1554151258,66,52.5,73.1,25.18,8.75
533,Kawalu,64,ID,1554151258,100,-7.38,108.21,64.51,1.7
534,Beira,0,ES,1554151257,87,43.2,-8.36,55.99,6.93
535,Salmon Creek,90,US,1554151258,51,45.71,-122.66,64.99,5.82
536,Gorlice,8,PL,1554151066,61,49.66,21.16,33.01,11.25
537,Panalingaan,0,PH,1554151259,98,8.78,117.42,72.97,3.71
538,San Ignacio,0,CL,1554148800,39,-36.8,-72.03,78.8,12.75
539,Pingliang,92,CN,1554151260,66,35.54,106.68,41.02,1.7
540,Moron,12,VE,1554150736,70,10.49,-68.2,78.46,4.88
541,Stolbishche,0,RU,1554151260,62,52.59,35.29,31.12,9.53
542,Singkang,36,MY,1554151260,95,2.1,102.8,73.69,2.26
543,Darnah,0,LY,1554151260,99,32.77,22.64,60.46,8.57
545,Lincoln,0,GB,1554151204,86,53.23,-0.54,48,13.87
546,Itoman,20,JP,1554148800,47,26.12,127.67,59,10.29
547,Ramhormoz,0,IR,1554148800,67,31.28,49.6,60.8,9.17
548,Yushala,20,RU,1554148800,88,57.08,64.26,41,15.66
549,Plettenberg Bay,76,ZA,1554150689,100,-34.05,23.37,63.16,7.11
550,Masvingo,0,ZW,1554151262,64,-20.08,30.83,63.97,6.4
552,Te Anau,88,NZ,1554151262,97,-45.41,167.72,41.83,3.49
553,Matay,0,EG,1554151263,53,28.42,30.79,49.66,2.86
554,Nakambala,0,ZM,1554151263,55,-15.83,27.78,67.21,9.01
555,Karlshamn,0,SE,1554150204,74,56.17,14.86,37,5.82
556,Silver City,1,US,1554151217,20,32.77,-108.28,66.99,3.36
557,Djibo,20,BF,1554151264,58,14.1,-1.63,83.41,1.81
558,Ayorou,44,NE,1554150708,24,14.73,0.92,91.06,7.29
559,Buluang,90,PH,1554148800,88,10.47,123.98,77,4.7
560,Dosso,24,NE,1554151264,32,13.05,3.19,84.13,6.22
562,Pisco,0,PE,1554148800,30,-13.71,-76.2,71.6,19.46
563,Kargasok,64,RU,1554151265,78,59.06,80.87,33.82,10.42
564,Alyangula,40,AU,1554148800,88,-13.85,136.42,77,14.27
565,Luganville,56,VU,1554151265,100,-15.51,167.18,80.08,10.76
566,Terrace,5,CA,1554148800,35,54.52,-128.61,55.4,12.75
567,Kudahuvadhoo,76,MV,1554151266,100,2.67,72.89,83.23,3.6
568,Gat,0,SN,1554148800,64,14.69,-16.54,71.6,20.8
569,Batticaloa,20,LK,1554151266,100,7.71,81.69,80.71,9.01
570,Vardo,1,US,1554151258,28,39.62,-77.74,50,9.17
571,Russellville,1,US,1554151056,34,35.28,-93.13,54,3.36
572,Hambantota,0,LK,1554150676,100,6.12,81.12,80.8,5.28
574,Necochea,0,AR,1554150609,46,-38.55,-58.74,80.89,7.4
575,Cahuacan,75,MX,1554150756,26,19.64,-99.42,78.8,6.93
577,Kieta,64,PG,1554151268,100,-6.22,155.63,77.65,2.86
578,Bure,0,NG,1554151268,20,10.52,10.33,82.06,9.91
579,Marystown,92,CA,1554150767,100,47.17,-55.16,45,22.21
